Gender&Feminino,Gender&Masculino,Gender&Outro,Marital_Status&Casada(o),Marital_Status&Solteira(o),Ocupation&Estudante,Ocupation&Estudante e Trabalho,Age,Grad_Period,Children,S1,A2,D3,A4,D5,S6,A7,S8,A9,D10,S11,S12,D13,S14,A15,D16,D17,S18,A19,A20,D21
1.0,-2.7755575615628914e-17,0.0,0.0,1.0,0.0,1.0,0.3148148148148148,0.45999999999999996,-3.469446951953614e-18,0.4333333333333333,0.29999999999999993,0.2333333333333333,0.3333333333333333,0.43333333333333335,0.39999999999999997,0.3,0.29999999999999993,0.36666666666666664,0.1,0.4333333333333333,0.4666666666666667,0.3,0.19999999999999998,0.2333333333333333,0.16666666666666666,0.2,0.3666666666666666,0.3333333333333333,0.2333333333333333,0.09999999999999998
1.0,0.0,-1.734723475976807e-18,-1.3877787807814457e-17,1.0,1.0,0.0,0.2103703703703704,0.6799999999999999,3.469446951953614e-18,0.4133333333333333,0.39999999999999997,0.27999999999999997,0.33333333333333337,0.5599999999999999,0.3333333333333333,0.09333333333333327,0.4133333333333333,0.27999999999999997,0.29333333333333333,0.3466666666666667,0.42666666666666664,0.4933333333333333,0.30666666666666664,0.2,0.26666666666666666,0.14666666666666667,0.45333333333333337,0.3466666666666667,0.22666666666666666,0.1733333333333333
0.0,1.0,0.0,0.25,0.75,0.0,1.0,0.37962962962962954,0.5750000000000001,0.0,0.16666666666666663,0.08333333333333331,0.0,0.25,0.5,0.3333333333333333,0.25,0.41666666666666663,0.5833333333333334,0.0,0.8333333333333333,0.75,0.16666666666666663,0.3333333333333333,0.25,0.16666666666666666,0.0,0.41666666666666663,0.41666666666666663,0.3333333333333333,0.0
1.0,0.0,0.0,0.0,1.0,1.0,0.0,0.13374485596707825,0.13888888888888887,0.0,0.6851851851851851,0.5925925925925926,0.4814814814814814,0.9074074074074074,0.6851851851851851,0.6666666666666666,0.8333333333333334,0.8703703703703702,0.9629629629629632,0.6851851851851851,0.6851851851851851,0.8518518518518519,0.8333333333333335,0.4444444444444444,0.8148148148148147,0.5555555555555555,0.7222222222222223,0.8703703703703705,0.8703703703703702,0.7777777777777777,0.5740740740740741
-1.1102230246251565e-16,1.0,0.0,0.0,1.0,1.0,0.0,0.22633744855967086,0.48888888888888893,0.0,0.22222222222222224,0.07407407407407407,0.07407407407407407,0.037037037037037035,0.37037037037037035,0.1481481481481482,0.03703703703703709,0.11111111111111116,0.037037037037037035,0.18518518518518517,0.22222222222222227,0.37037037037037035,0.07407407407407407,0.2962962962962963,5.551115123125783e-17,0.1111111111111111,0.037037037037037035,0.07407407407407418,0.07407407407407407,0.07407407407407407,0.03703703703703701
1.0,2.7755575615628914e-17,0.0,0.0,1.0,1.0,0.0,0.0846560846560847,0.23571428571428577,-3.469446951953614e-18,0.3571428571428571,0.1904761904761905,0.023809523809523864,0.3333333333333333,0.2857142857142857,0.42857142857142855,0.21428571428571427,0.38095238095238093,0.2619047619047619,0.04761904761904756,0.5952380952380952,0.5476190476190476,0.07142857142857151,0.14285714285714285,0.21428571428571427,0.0714285714285714,0.02380952380952378,0.6428571428571428,0.1428571428571429,0.2857142857142857,0.023809523809523753
1.0,0.0,-8.673617379884035e-19,-6.938893903907228e-18,1.0,1.0,0.0,0.13299663299663303,0.15454545454545462,0.0,0.4848484848484848,0.45454545454545453,0.16666666666666663,0.34848484848484845,0.5,0.5151515151515151,0.5606060606060606,0.7272727272727273,0.5606060606060606,0.28787878787878785,0.5606060606060606,0.6212121212121212,0.25757575757575757,0.3939393939393939,0.36363636363636365,0.28787878787878785,0.39393939393939387,0.5757575757575757,0.4242424242424242,0.45454545454545453,0.2121212121212121
-2.220446049250313e-16,1.0,-8.673617379884035e-19,-6.938893903907228e-18,1.0,1.0,0.0,0.18518518518518523,0.5,0.09090909090909091,0.45454545454545453,0.2424242424242424,0.3636363636363636,0.3636363636363636,0.4848484848484848,0.5151515151515151,0.3333333333333333,0.4848484848484848,0.1515151515151515,0.2121212121212121,0.6363636363636364,0.5454545454545454,0.48484848484848486,0.4242424242424242,0.1818181818181818,0.3333333333333333,0.3939393939393939,0.6666666666666666,0.3333333333333333,0.2424242424242424,0.3333333333333333
0.0,1.0,0.0,0.0,1.0,1.0,0.0,0.08888888888888889,0.14,0.0,0.9333333333333333,0.7333333333333334,0.4666666666666667,0.7333333333333334,0.8,0.7333333333333334,0.8666666666666667,0.8,0.9333333333333333,0.6000000000000001,0.7333333333333333,0.9333333333333333,0.8,0.3333333333333333,0.7333333333333334,0.4666666666666667,0.8666666666666666,0.9333333333333333,0.8666666666666667,0.8,0.5333333333333333
1.0,0.0,-8.673617379884035e-19,0.07692307692307693,0.9230769230769231,1.0,0.0,0.21652421652421652,0.39230769230769236,0.07692307692307693,0.12820512820512825,0.17948717948717946,0.02564102564102566,0.0,0.23076923076923073,0.1538461538461538,0.1538461538461538,0.07692307692307676,0.17948717948717946,0.02564102564102555,0.17948717948717935,0.205128205128205,0.1794871794871795,-5.551115123125783e-17,0.0,0.05128205128205121,0.025641025641025605,0.23076923076923078,0.10256410256410253,0.10256410256410259,-1.1102230246251565e-16
0.0,1.0,0.0,0.0,1.0,0.0,1.0,0.2592592592592593,0.45000000000000007,0.0,0.3333333333333333,0.5,0.41666666666666663,0.3333333333333333,0.6666666666666666,0.25,0.41666666666666663,0.5,0.3333333333333333,0.5833333333333333,0.5,0.75,0.75,0.41666666666666663,0.3333333333333333,0.5,0.41666666666666663,0.25,0.6666666666666666,0.3333333333333333,0.6666666666666666
1.0,0.0,0.0,0.0,1.0,1.0,0.0,0.12500000000000006,0.050000000000000044,0.0,0.5833333333333333,0.41666666666666663,0.16666666666666666,0.5833333333333333,0.375,0.9583333333333334,0.4583333333333333,0.9166666666666667,1.0,0.25,0.875,0.875,0.16666666666666669,0.8333333333333334,0.6666666666666667,0.125,0.33333333333333326,1.0,0.75,0.9166666666666665,0.16666666666666666
1.0,2.7755575615628914e-17,0.0,1.0,0.0,0.8333333333333334,0.16666666666666666,0.24691358024691365,0.2666666666666667,0.16666666666666666,0.38888888888888884,0.38888888888888884,0.27777777777777773,0.2777777777777778,0.5555555555555556,0.4444444444444444,0.38888888888888884,0.4444444444444444,0.3333333333333333,0.3333333333333333,0.4444444444444444,0.5,0.3333333333333333,0.5,0.2222222222222222,0.38888888888888884,0.2222222222222222,0.4444444444444444,0.3888888888888889,0.4444444444444444,0.3333333333333333
1.0,2.7755575615628914e-17,0.0,0.0,1.0,0.0,1.0,0.1428571428571429,0.20000000000000004,3.469446951953614e-18,0.8095238095238095,0.6666666666666666,0.47619047619047616,0.7142857142857143,0.9047619047619047,0.9047619047619048,0.5238095238095237,0.8571428571428571,0.9047619047619048,0.5714285714285714,0.8095238095238095,0.8571428571428571,0.7619047619047619,0.5238095238095238,0.7619047619047619,0.5238095238095237,0.6190476190476191,0.8571428571428571,0.6666666666666666,0.8571428571428571,0.6666666666666666
0.9411764705882353,0.0,0.058823529411764726,0.0,1.0,1.0,0.0,0.32897603485838783,0.44705882352941184,-3.469446951953614e-18,0.47058823529411764,0.4313725490196078,0.3333333333333333,0.5490196078431372,0.7450980392156863,0.6470588235294117,0.49019607843137253,0.6666666666666666,0.5490196078431372,0.39215686274509803,0.8431372549019609,0.8235294117647058,0.7058823529411764,0.5686274509803921,0.5686274509803921,0.5098039215686274,0.4313725490196078,0.7843137254901962,0.6666666666666666,0.6078431372549019,0.43137254901960775
1.0,0.0,0.0,0.0,1.0,1.0,0.0,0.0,0.0,0.0,0.6666666666666666,1.0,0.0,0.6666666666666666,0.3333333333333333,1.0,0.3333333333333333,0.0,1.0,1.0,0.3333333333333333,1.0,0.0,1.0,0.3333333333333333,0.0,1.0,0.6666666666666666,1.0,0.6666666666666666,0.0
